9.958818196773369102e-01 -6.412737166387534604e-02 6.408651527146401461e-02 6.651655439128663361e-02 3.650311771205444478e-02 -9.971173804468616009e-01 6.160315923771605279e-02 9.972738854501221883e-01 4.061832309622720460e-02 -1.095547549433319584e-01 -3.364450789085139393e-01 7.024102291915220730e-01
8.623158365118519519e-01 -1.869547187046174674e-01 4.705946570616186819e-01 4.989802634971493012e-01 1.555246561527021121e-01 -8.525437102981285875e-01 8.619799731537053367e-02 9.699793886896057593e-01 2.273980887698008879e-01 6.072915040657589358e-02 -3.319116661993805062e-01 7.336724269569814272e-01
9.613549675835963981e-01 -9.734821068690144297e-02 2.575266047972539774e-01 2.622650091913548698e-01 3.927746775780938115e-02 -9.641962173128418856e-01 8.374778358978166026e-02 9.944750406131835918e-01 6.329061811363678736e-02 7.906304167355337337e-03 -3.064181310634797040e-01 4.451606610306174105e-01
8.860946382459684578e-01 -2.362895397450345547e-01 3.987524864860734763e-01 4.241269753622818328e-01 6.634033783218068470e-02 -9.031695678810013339e-01 1.869561468414154271e-01 9.694153975378109189e-01 1.590005854543286579e-01 1.245150885681289982e-01 -2.829188056191012102e-01 4.448152977279760667e-01
9.086495419771911664e-01 -1.316510919636720844e-01 3.962625390437673478e-01 4.011426110119785671e-01 1.173688492609442635e-02 -9.159404190026356751e-01 1.159336685140816559e-01 9.912266317633944279e-01 6.347557788522023570e-02 -7.548971883878011213e-02 -1.829163822253579430e-01 9.279257043352840961e-01
9.798415563700062503e-01 -9.486247830028748940e-02 -1.758170487214801292e-01 -1.694623135094086575e-01 7.139462167664428760e-02 -9.829472683189509619e-01 1.057972055890075563e-01 9.929269450500254335e-01 5.387980218208804351e-02 -1.226606568683324960e-01 -1.838027300673074349e-01 8.307031818649049937e-01
9.667217480420886577e-01 1.434069988052070199e-01 -2.118572504214371599e-01 -1.479535908891306262e-01 -3.621853074566596109e-01 -9.202888340111146093e-01 -2.087074431002879926e-01 9.210082712745897293e-01 -3.289148331077997311e-01 -9.939757492820637530e-02 -2.257158285344164350e-01 9.554837869662710093e-01
8.452352918272468818e-01 4.122542103003612457e-03 5.343784296697593472e-01 5.298089731534068036e-01 -1.371791730021754141e-01 -8.369494169067639433e-01 6.985523184301631328e-02 9.905376717424978494e-01 -1.181328381234881819e-01 -8.923939614533027420e-03 -2.414858123566049064e-01 9.803224906125301841e-01
9.628527976111641573e-01 1.396032120583490244e-01 -2.311394239746785151e-01 -1.731235867956654184e-01 -3.377564693131415163e-01 -9.251750056784525666e-01 -2.072262382695739813e-01 9.308230286258031283e-01 -3.010411525896904417e-01 -5.800326399183045045e-02 -2.969045676358019747e-01 9.761317882275019064e-01
