-2.455950341839173157e-01 -9.679042731343110439e-01 -5.333289071990569841e-02 9.689347231285776463e-01 -2.434589643969425343e-01 -4.351132002725961040e-02 2.913042224113555900e-02 -6.236225383282071461e-02 9.976283715878091485e-01 3.051608886718749858e+00 -3.107651329040527280e-02 1.039925903320312539e+00
7.926148984535147379e-02 -9.968024998560678362e-01 -1.011891833098827256e-02 9.968349436345922410e-01 7.931843499543828058e-02 -5.355466262950933296e-03 6.140958924664964569e-03 -9.662409149295730568e-03 9.999344610887841434e-01 2.944850830078125092e+00 -6.720594882965088071e-03 1.039660888671875005e+00
-1.667150360238645601e-01 -9.856476121101597210e-01 -2.654960461289361529e-02 9.857271112865523266e-01 -1.672469700628374523e-01 1.924871630703566330e-02 -2.341279219208838858e-02 -2.296161462832715591e-02 9.994621580707445663e-01 2.718060791015624922e+00 2.351437568664550837e-03 1.039596435546874975e+00
-4.417208061375618722e-01 -8.956652913585667619e-01 -5.163734385845238084e-02 8.942950249123911011e-01 -4.441741093125621265e-01 5.427493927530149809e-02 -7.154815051507602830e-02 -2.220464978255098573e-02 9.971899596796520715e-01 2.691919677734374794e+00 -4.291854095458984275e-02 1.038675659179687516e+00
-5.660159965360768153e-01 -8.239002353379378807e-01 -2.853583493368943430e-02 8.240319600431316172e-01 -5.664543063260051303e-01 1.004229417012255862e-02 -2.443809511289320863e-02 -1.783034084966501898e-02 9.995423244927842399e-01 2.666166015624999996e+00 -8.891645812988281661e-02 1.040437499999999904e+00
1.846340089902330783e-01 -9.817401321141610016e-01 -4.578859815133135003e-02 9.827441895937363281e-01 1.849498399118115755e-01 -2.722964624369560854e-03 1.114183754794576681e-02 -4.449572690792745477e-02 9.989474409311984715e-01 2.636051025390624858e+00 -4.912939453125000216e-02 1.041313110351562488e+00
-2.537465084350665201e-02 -9.996367931532241791e-01 9.077933074671404312e-03 9.891805863947014110e-01 -2.379462884491267971e-02 1.447604336065879960e-01 -1.444918495777690604e-01 1.265296062077711503e-02 9.894250896319156663e-01 2.707300292968750188e+00 -6.683201599121094127e-02 1.037641723632812596e+00
-5.705489204061936492e-02 -9.950565992477047317e-01 -8.128409184967572143e-02 9.703441102803935792e-01 -3.611328918324813175e-02 -2.390149325638856181e-01 2.348979500514744023e-01 -9.251051095935179658e-02 9.676077502912299177e-01 2.699069091796875153e+00 -1.188100967407226538e-01 1.037399414062500025e+00
6.342211028427491293e-02 -9.974508115352733739e-01 -3.270343246073437182e-02 9.907760130140126353e-01 5.899793351278392883e-02 1.219923599135544490e-01 -1.197519434629198132e-01 -4.013878932959585172e-02 9.919921116763016355e-01 2.720749023437500025e+00 -1.558904552459716882e-02 1.041515380859374895e+00
-3.806089499400907017e-01 -9.200313864732923008e-01 -9.316155392399330659e-02 9.224425664533957292e-01 -3.848243675955674292e-01 3.177920231132982942e-02 -6.508869963652910706e-02 -7.384073407478584927e-02 9.951437118180079811e-01 2.678630859375000117e+00 -1.187177181243896477e-02 1.043822021484374973e+00
-2.815427129205514412e-01 -9.592496569703952147e-01 2.395404774803740200e-02 9.588616985063542764e-01 -2.821979421935503218e-01 -3.079877528791135841e-02 3.630349761173946171e-02 1.429744816059644666e-02 9.992385296000397821e-01 2.701145996093750057e+00 -1.732114982604980591e-02 1.040076538085937585e+00
-3.277173086886240871e-01 -8.850825859405859752e-01 -3.304998965969735969e-01 9.410105374014623436e-01 -3.369881098865666336e-01 -3.062976158069691257e-02 -8.426466688533301719e-02 -3.210417883388460569e-01 9.433088762727188659e-01 2.792709716796875075e+00 -3.841051864624023260e-02 1.031425048828124913e+00
-5.009722210260659780e-01 -7.994326863659090288e-01 -3.315632876691824715e-01 8.538974390756589594e-01 -5.189890585273991830e-01 -3.885255035226697906e-02 -1.410177198093986450e-01 -3.025850906747231117e-01 9.426326249399220591e-01 2.797653564453125075e+00 -9.148798370361328758e-02 1.031313842773437406e+00
3.887681539604544434e-01 -8.651222130201542404e-01 -3.168956910487920609e-01 9.151923128338564917e-01 4.022675848824927569e-01 2.457276302379005073e-02 1.062184211707050685e-01 -2.995736081364938075e-01 9.481420253907562046e-01 2.802811523437500174e+00 -8.314887237548827803e-02 1.033174560546874954e+00
-1.309401753483124820e-01 -9.476427244169397524e-01 -2.912523602297375502e-01 9.905970020525040054e-01 -1.133118833700131889e-01 -7.666809383134350064e-02 3.965160784059484911e-02 -2.985526485341910008e-01 9.535691197018049126e-01 2.594112304687500092e+00 -9.220517730712890492e-02 1.037220581054687507e+00
-1.505054435411058988e-01 -9.576401123629427747e-01 -2.455066733471520379e-01 9.824279534386535229e-01 -1.171524394419666826e-01 -1.452949491040038121e-01 1.103785657038253293e-01 -2.630602994111551074e-01 9.584444955796238563e-01 2.537340576171875028e+00 -7.184194946289063077e-02 1.035288696289062393e+00
-3.508232058586965296e-01 -9.363185428657820886e-01 1.518764355406048566e-02 9.356215569812367239e-01 -3.511484813485489243e-01 -3.615309334779202854e-02 3.918392965276664558e-02 1.526542598945000023e-03 9.992308488655965437e-01 2.812787353515624922e+00 9.270633697509765569e-02 1.042841918945312418e+00
-3.578416100021316049e-01 -9.316811802025237732e-01 6.260639430214083589e-02 9.337377685960086549e-01 -3.576741685193150500e-01 1.424670738674526510e-02 9.119300873927756873e-03 6.355601962402504523e-02 9.979366065643255901e-01 2.699211425781249840e+00 3.541130447387695612e-02 1.042191284179687427e+00
-4.165521328032853465e-01 -9.083010913832048061e-01 3.838551874227283389e-02 9.082777797517460616e-01 -4.139906083900455891e-01 6.035934868832596584e-02 -3.893321803130485315e-02 6.000752916858995839e-02 9.974383695130280003e-01 2.679896484374999943e+00 7.698844146728515969e-02 1.044585693359374901e+00
-3.663026592748991894e-01 -9.242260612540221798e-01 -1.078357524525777739e-01 8.794306304639881722e-01 -3.817314672995008595e-01 2.843991087803937057e-01 -3.040133681433257462e-01 9.342086075740496653e-03 9.526219593405897967e-01 2.764663574218749975e+00 -1.623896217346191412e-02 1.013777282714843686e+00
-3.200660879828102212e-01 -9.421727223692600850e-01 -9.933911891433779007e-02 9.073055361252712059e-01 -2.746531347067752149e-01 -3.183744960140115210e-01 2.726799652336304169e-01 -1.920318119974888105e-01 9.427456813696613036e-01 2.717395996093749932e+00 -6.575518798828125511e-02 1.023443542480468649e+00
